Input:
Enter n: 9
Enter x: 3.0 -1.0 -1.0 3.0 3.0 3.0 -1.0 -1.0 6.0
Enter y: 1.0 1.0 1.0 1.0 5.0 5.0 5.0 5.0 6.0
Enter z: -2.0 -2.0 4.0 4.0 4.0 -2.0 -2.0 4.0 6.0
Enter no. of queries: 3
--------------------------------------------
Enter query: S 2 1.5 3
Output:
x = 3.0 -1.0 -1.0 3.0 3.0 3.0 -1.0 -1.0 6.0
y = 1.0 1.0 1.0 1.0 5.0 5.0 5.0 5.0 6.0
z = -2.0 -2.0 4.0 4.0 4.0 -2.0 -2.0 4.0 6.0
--------------------------------------------
Enter query: T 1 2 3
Output:
x = 3.0 -1.0 -1.0 3.0 3.0 3.0 -1.0 -1.0 6.0
y = 1.0 1.0 1.0 1.0 5.0 5.0 5.0 5.0 6.0
z = -2.0 -2.0 4.0 4.0 4.0 -2.0 -2.0 4.0 6.0
--------------------------------------------
Enter query: R z 0.785
Output:
x = 3.0 -1.0 -1.0 3.0 3.0 3.0 -1.0 -1.0 6.0
y = 1.0 1.0 1.0 1.0 5.0 5.0 5.0 5.0 6.0
z = -2.0 -2.0 4.0 4.0 4.0 -2.0 -2.0 4.0 6.0
--------------------------------------------
